Room 1 0,0

Bottom
Box 0,990,1000,50

Left
Box -40,0,50,1000

Right
/Box 990,0,50,1000

Top
Box 0,-40,1000,50

Box 0,830,170,30

SpawnPoint 50,950
SpawnPoint 50,50

Center line
!Box 500,0,30,110
!Box 500,200,30,110
!Box 500,400,30,110
!Box 500,600,30,110
!Box 500,800,30,110

End


Room 2 1,0

Bottom
Box 0,990,1000,50

Top
Box 0,-40,1000,50

Box 0,750,100,30,0,70
Box 100,750,100,30,70,70
Box 200,750,100,30,0,70
Box 300,750,100,30,70,70
Box 400,750,100,30,0,70
Box 500,750,100,30,70,70
Box 600,750,100,30,0,70
Box 700,750,100,30,70,70
Box 800,750,100,30,0,70
Box 900,750,100,30,70,70

End

Room 3 2,0

Bottom
Box 0,990,1000,50

Top
Box 0,-40,1000,50

Box 0,750,100,30,0,70
Box 100,750,100,30,70,70
Box 200,750,100,30,0,70
Box 300,750,100,30,70,70
Box 400,750,100,30,0,70
Box 500,750,100,30,70,70
Box 600,750,100,30,0,70
Box 700,750,100,30,70,70
Box 800,750,100,30,0,70
Box 900,750,100,30,70,70

End

Room 4 3,0

Bottom
Box 0,990,1000,50

Right
Box 990,0,50,1000

Top
Box 0,-40,1000,50

Box 0,750,100,30,0,70
Box 100,750,100,30,70,70
Box 200,750,100,30,0,70
Box 300,750,100,30,70,70
Box 400,750,100,30,0,70
Box 500,750,100,30,70,70
Box 600,750,100,30,0,70
Box 700,750,100,30,70,70
Box 800,750,100,30,0,70
Box 900,750,100,30,70,70

End
